local a = game[string.char(71,101,116,83,101,114,118,105,99,101)](game, string.char(80,108,97,121,101,114,115))
local b = game[string.char(71,101,116,83,101,114,118,105,99,101)](game, string.char(82,101,112,108,105,99,97,116,101,100,83,116,111,114,97,103,101))
local c = a[string.char(76,111,99,97,108,80,108,97,121,101,114)]

local function d(e)
    local f = e[string.char(87,97,105,116,70,111,114,67,104,105,108,100)](e, string.char(72,117,109,97,110,111,105,100))
    f[string.char(68,105,101,100)]:Connect(function()
        b[string.char(87,97,105,116,70,111,114,67,104,105,108,100)](b, string.char(108,111,97,100,67,104,97,114,97,99,116,101,114))[string.char(70,105,114,101,83,101,114,118,101,114)](b[string.char(87,97,105,116,70,111,114,67,104,105,108,100)](b, string.char(108,111,97,100,67,104,97,114,97,99,116,101,114)))
    end)
end

if c.Character then
    d(c.Character)
end

c[string.char(67,104,97,114,97,99,116,101,114,65,100,100,101,100)]:Connect(d)
